100 1 1000
510 365
638 764
930 415
353 584
847 923
63 522
656 130
162 6
957 911
769 756
264 478
990 101
144 887
953 801
765 323
120 62
422 773
529 243
847 113
280 47
276 678
80 69
924 503
54 287
968 239
475 468
207 920
426 906
201 479
188 195
590 499
373 387
259 17
230 851
198 381
937 67
546 636
157 313
978 33
439 70
226 528
303 978
42 98
310 346
312 374
395 554
399 334
201 533
247 745
982 625
830 763
300 183
390 555
269 195
818 900
427 478
217 808
5 131
60 617
974 61
823 456
667 689
776 584
128 826
355 172
696 668
194 923
841 927
201 529
387 849
565 469
175 787
527 175
235 804
542 133
435 594
82 438
649 398
420 445
664 515
894 141
243 336
824 735
216 119
354 934
260 945
299 974
307 635
869 173
455 278
21 514
988 100
87 969
384 392
852 314
728 157
822 988
269 49
526 742
380 337
