90 508 602
495 362
837 18
112 1000
401 346
737 465
263 915
814 441
303 947
485 17
162 1000
708 924
718 160
532 190
874 279
941 1000
312 319
115 1000
358 812
462 417
1000 1000
71 443
314 380
7 1000
30 1000
622 847
688 570
52 1000
645 446
962 423
533 692
673 987
279 520
980 209
755 215
845 163
455 929
502 205
313 220
255 198
541 235
717 259
370 134
467 987
604 990
329 86
899 794
388 382
645 508
327 888
332 564
223 78
957 508
341 328
369 261
150 626
90 1000
673 809
257 199
62 72
191 999
572 528
32 1000
858 474
668 811
822 434
725 44
947 1000
50 1000
554 832
632 351
764 941
217 992
170 1000
290 364
524 216
704 906
367 322
437 469
207 539
993 1000
385 839
173 546
911 1000
303 155
254 855
899 515
396 143
962 441
363 630
965 1000
