100 1000 1000
816 624
690 508
17 563
969 864
22 979
657 450
299 264
921 159
68 731
349 865
559 890
950 592
780 259
784 845
68 127
64 8
6 690
989 162
462 833
165 948
129 515
49 809
90 428
28 379
119 150
941 150
371 829
112 645
392 375
434 325
814 441
960 376
222 279
198 919
591 700
10 943
663 85
482 667
782 5
959 824
506 834
252 635
210 857
898 207
927 736
668 693
414 241
832 406
811 144
421 970
81 512
746 692
593 423
427 156
191 199
92 992
686 807
172 896
85 302
234 702
958 754
496 939
559 776
830 567
329 756
156 343
83 304
757 522
530 898
441 547
571 538
837 22
158 997
717 815
268 949
121 744
195 430
585 93
673 231
633 358
529 154
692 975
65 771
497 282
607 553
104 908
998 551
886 181
330 380
895 409
318 623
57 199
132 42
20 154
34 534
189 441
34 451
498 90
183 920
387 157
